%YAML:1.0
---
R: !!opencv-matrix
   rows: 3
   cols: 3
   dt: d
   data: [ 9.9966546741009876e-01, 4.5450578784366326e-04,
       -2.5860137127199621e-02, -3.6200000715680761e-04,
       9.9999352007493580e-01, 3.5817264180679751e-03,
       2.5861597470836366e-02, -3.5711668440278990e-03,
       9.9965915418387907e-01 ]
T: !!opencv-matrix
   rows: 3
   cols: 1
   dt: d
   data: [ -6.3056381712380151e+01, -1.1570447039616026e-01,
       1.8954694417954652e+00 ]
R1: !!opencv-matrix
   rows: 3
   cols: 3
   dt: d
   data: [ 9.9843473546519490e-01, 2.3956934307224264e-03,
       -5.5877899652119499e-02, -2.2977542497022081e-03,
       9.9999570956013684e-01, 1.8169168188220217e-03,
       5.5882012687038372e-02, -1.6856791819727386e-03,
       9.9843595645576655e-01 ]
R2: !!opencv-matrix
   rows: 3
   cols: 3
   dt: d
   data: [ 9.9954682551120622e-01, 1.8341051760543770e-03,
       -3.0046292095256357e-02, -1.8894674562916457e-03,
       9.9999656914889856e-01, -1.8142775873178558e-03,
       3.0042861434988327e-02, 1.8702268940959117e-03,
       9.9954686169692053e-01 ]
P1: !!opencv-matrix
   rows: 3
   cols: 4
   dt: d
   data: [ 1.3081609133765346e+03, 0., 7.0614352416992188e+02, 0., 0.,
       1.3081609133765346e+03, 3.3923900604248047e+02, 0., 0., 0., 1.,
       0. ]
P2: !!opencv-matrix
   rows: 3
   cols: 4
   dt: d
   data: [ 1.3081609133765346e+03, 0., 7.0614352416992188e+02,
       -8.2525292252215571e+04, 0., 1.3081609133765346e+03,
       3.3923900604248047e+02, 0., 0., 0., 1., 0. ]
Q: !!opencv-matrix
   rows: 4
   cols: 4
   dt: d
   data: [ 1., 0., 0., -7.0614352416992188e+02, 0., 1., 0.,
       -3.3923900604248047e+02, 0., 0., 0., 1.3081609133765346e+03, 0.,
       0., 1.5851636239936056e-02, 0. ]
