%YAML:1.0
---
M1: !!opencv-matrix
   rows: 3
   cols: 3
   dt: d
   data: [ 1.3748696997890363e+03, 0., 6.4787296166989017e+02, 0.,
       1.3861352283872939e+03, 3.5316003006981248e+02, 0., 0., 1. ]
D1: !!opencv-matrix
   rows: 1
   cols: 5
   dt: d
   data: [ 1.2249596528033740e-01, -1.2367804020540742e-01, 0., 0., 0. ]
M2: !!opencv-matrix
   rows: 3
   cols: 3
   dt: d
   data: [ 1.3748696997890363e+03, 0., 6.2109329145837683e+02, 0.,
       1.3861352283872939e+03, 3.2507680229363535e+02, 0., 0., 1. ]
D2: !!opencv-matrix
   rows: 1
   cols: 5
   dt: d
   data: [ 1.5116245324799946e-01, -3.9274125732388537e-01, 0., 0., 0. ]
