%YAML:1.0
---
ratio: 2
width_f:
   - [ 201, 5.3070000000000000e+01 ]
   - [ 191, 5.4090000000000003e+01 ]
   - [ 181, 5.4630000000000003e+01 ]
   - [ 171, 5.4890000000000001e+01 ]
   - [ 161, 5.4859999999999999e+01 ]
   - [ 151, 5.4680000000000000e+01 ]
   - [ 141, 5.4119999999999997e+01 ]
   - [ 131, 5.3009999999999998e+01 ]
   - [ 121, 5.1009999999999998e+01 ]
   - [ 111, 4.9909999999999997e+01 ]
   - [ 101, 4.8450000000000003e+01 ]
   - [ 91, 4.6200000000000003e+01 ]
   - [ 81, 4.3840000000000003e+01 ]
   - [ 71, 4.1020000000000003e+01 ]
   - [ 61, 3.5049999999999997e+01 ]
   - [ 51, 3.2240000000000002e+01 ]
ratio: 3
width_f:
   - [ 201, 0. ]
   - [ 191, 0. ]
   - [ 181, 0. ]
   - [ 171, 0. ]
   - [ 161, 0. ]
   - [ 151, 6.0130000000000003e+01 ]
   - [ 141, 6.5560000000000002e+01 ]
   - [ 131, 6.9629999999999995e+01 ]
   - [ 121, 7.0430000000000007e+01 ]
   - [ 111, 6.8939999999999998e+01 ]
   - [ 101, 6.6129999999999995e+01 ]
   - [ 91, 6.3219999999999999e+01 ]
   - [ 81, 6.0479999999999997e+01 ]
   - [ 71, 5.8170000000000002e+01 ]
   - [ 61, 5.5899999999999999e+01 ]
   - [ 51, 4.9950000000000003e+01 ]
